7854
7863
7870
7876
7881
7893
7909
7935
7938
7955
8006
8010
8017
8033
8042
8094
8113
8126
8135
8145
8153
8170
8440
8467
9545
9568
9573
9577
9583
9590
9598
9607
9616
9630
9645
9665
9674
9685
9700
9719
9856
9873
9995
10004
10019
10027
10234
10250
10254
10264
10277
10286
10296
10300
10309
10319
10332
10344
10349
10354
10364
10372
10378
10384
10392
10399
10408
10417
10424
10433
10445
10453
10464
10471
10479
10489
10499
10509
10531
10556
10613
10622
10646
10660
10669
10699
10711
10759
11001
11006
11053
11057
11066
11069
11072
11080
11090
11111
11120
11127
11137
11348
11447
11464
11552
11565
11574
11594
11598
11606
11613
11625
11635
11672
11681
11731
11742
11788
11823
11906
13310
13834
13838
13862
13871
13900
13916
13933
14266
