498
500
616
638
1014
1025
1185
1193
1232
1257
1406
1408
1414
1648
1666
1682
1703
1708
1679
1845
1853
2064
2067
2112
2117
2124
2148
2150
2225
2337
2427
2764
2779
2946
3189
3199
3289
4504
4508
4554
5553
5555
5568
5579
5586
5585
5626
5629
5789
5792
5823
5839
5842
5848
6087
6088
6089
6091
6093
6094
6102
6105
6110
6112
6121
6125
6127
6128
6129
6152
6157
6160
6168
6174
6284
6299
6302
6305
6328
7212
7216
9097
9101
9103
9294
9296
9299
9300
9301
9302
9303
9309
9312
9314
9315
9317
9318
9319
9321
9323
9324
9326
9327
9334
9335
9337
9372
9374
9375
9377
9379
9380
9392
9395
9399
9400
9401
9402
9403
9405
9406
9407
9408
9410
9412
9414
9416
9419
9423
9424
9427
9428
9436
9438
9440
9442
9443
9446
9447
9450
9651
9652
9654
9657
9659
9661
9664
9665
9666
9667
9668
9954
9952
9954
9955
9958
10018
10019
10020
10021
10030
10243
10244
10246
10247
10267
10297
10298
10299
10300
10301
10303
10304
10305
10308
10314
10315
10316
10333
10338
10340
10341
10342
10346
10348
10350
10352
10354
10362
10364
10367
10369
10379
10380
10384
10387
10388
10398
10405
10406
10412
10415
10420
10470
10866
10911
12532
12541
12542
12543
12546
12547
12550
12555
12573
12575
12577
12583
12585
12612
12614
12620
12653
12657
12668
12669
12671
12673
12675
12679
12682
12684
12687
12688
12689
12692
12693
12702
12717
12722
12732
12741
12744
12746
12748
12752
12755
12758
12763
12765
12767
12770
12772
12775
12779
12862
12864
12865
12867
12869
12872
12873
12874
12877
12886




02
715
770
775
805
810
813
818
2609
2611
2615
2619
2978
2979
2986
2989
3022
3024
3324
3337
3342
3369
3375
3382
3387
3392
3397
3400
3404
3406
3410
3413
3417
3420
3423
3425
3426
3450
3459
3472
3477
3483
3488
3491
3507
3410
3514
3516
3519
3523
3525
3545
3547
3551
3554
3556
3560
3563
3566
3570
3571
3575
3579
3583
3586
3591
3595
3605
3607
3610
3616
3621
3626
3628
7292
7416
7475
7478
7766




03
7854
7863
7870
7876
7881
7893
7909
7935
7938
7955
8006
8010
8017
8033
8042
8094
8113
8126
8135
8145
8153
8170
8440
8467
9545
9568
9573
9577
9583
9590
9598
9607
9616
9630
9645
9665
9674
9685
9700
9719
9856
9873
9995
10004
10019
10027
10234
10250
10254
10264
10277
10286
10296
10300
10309
10319
10332
10344
10349
10354
10364
10372
10378
10384
10392
10399
10408
10417
10424
10433
10445
10453
10464
10471
10479
10489
10499
10509
10531
10556
10613
10622
10646
10660
10669
10699
10711
10759
11001
11006
11053
11057
11066
11069
11072
11080
11090
11111
11120
11127
11137
11348
11447
11464
11552
11565
11574
11594
11598
11606
11613
11625
11635
11672
11681
11731
11742
11788
11823
11906
13310
13834
13838
13862
13871
13900
13916
13933
14266
